EGFR	Hypoxia	JAK.STAT	MAPK	NFkB	PI3K	TGFb	TNFa	Trail	VEGF	p53
ABCA12	0	0	0	0	0	0	0	0	0	0	9.60954140859365
ACBD4	0	0	0	0	0	-3.08989174251464	0	0	0	0	0
ACER2	0	0	0	0	0	0	0	0	0	0	11.6371249806718
ACOX3	0	0	0	0	0	0	2.95788797570782	0	0	0	0
ACSL1	0	0	0	0	7.11184845884985	0	0	0	0	0	0
ACTC1	0	0	0	0	0	0	3.3387820053569	0	0	0	0
ACVR2B-AS1	0	0	0	0	0	-3.93897129986547	0	0	0	0	0
ADAM12	0	0	0	0	0	0	3.93103302950137	0	0	0	0
ADAM6	0	0	0	0	0	0	0	0	1.23948551403499	0	0
ADAMTS17	0	0	0	0	0	0	0	0	-2.1012863480777	0	0
ADAR	0	0	3.78861185439072	0	0	0	0	0	0	0	0
ADCK3	0	0	0	0	0	-6.45694027471716	0	0	0	0	0
ADGRD1	0	0	0	0	0	0	0	0	0	-3.66895906255483	0
ADM	0	17.7076820521399	0	0	0	0	0	0	0	0	0
ADORA1	1.32479592599962	0	0	0	0	0	0	0	0	0	0
AEN	3.04635813438532	0	0	0	0	0	0	0	0	0	0
AFMID	0	0	0	0	0	0	0	0	-2.53742724758865	0	0
AGAP4	0	0	0	0	0	0	0	0	-2.79057625689368	0	0
AGAP6	0	0	0	0	0	0	0	0	-2.08812545138825	0	0
AHRR	0	0	0	0	0	0	0	0	0	18.4777463828159	0
AIFM1	0	-3.49957140143267	0	0	0	0	0	0	0	0	0
AJUBA	-3.38200444921622	0	0	0	0	0	0	0	0	0	0
AK1	0	0	0	0	0	0	0	0	0	0	4.3572746205408
AK4	0	9.57095323844848	0	0	0	0	0	0	0	0	0
AK5	0	0	0	0	0	0	-3.31406472516616	0	0	0	0
AKR1B10	0	0	0	0	0	0	0	0	0	0	10.3263996591207
ALDH1A1	0	0	0	0	0	0	0	0	0	-6.3792793104426	0
ALDH3B1	0	0	0	-3.52597677953258	0	0	0	0	0	0	0
ALDOA	0	7.57168136117135	0	0	0	0	0	0	0	0	0
ALDOC	0	13.0602174774423	0	0	0	0	0	0	0	0	0
AMIGO1	0	0	0	0	0	-5.62064312250473	0	0	0	0	0
ANGPTL4	0	12.656618198741	0	0	0	0	0	0	0	0	0
ANKLE2	0	0	0	0	0	0	0	2.45310789037766	0	0	0
ANKRA2	0	0	0	0	0	0	0	0	0	0	10.8924877200022
ANKRD20A12P	0	0	0	0	0	0	0	0	0	0	3.6902393872286
ANKRD36BP2	0	0	0	0	0	0	0	0	0	-1.55897128515339	0
ANKRD37	0	8.49324666089457	0	0	0	0	0	0	0	0	0
ANKS1B	0	0	0	0	0	0	0	0	0	-2.7410194391439	0
ANKZF1	0	7.30210020557026	0	0	0	0	0	0	0	0	0
ANO1	0	0	0	3.96942134812126	0	0	0	0	0	0	0
APBA3	0	0	0	0	0	0	0	2.19997793711366	0	0	0
APOBEC3G	0	0	2.77606729947398	0	0	0	0	0	0	0	0
APOC1	0	0	0	0	0	-4.88226759148547	0	0	0	0	0
APOL1	0	0	5.09551375292307	0	0	0	0	0	0	0	0
APOL2	0	0	3.4659767372445	0	0	0	0	0	0	0	0
APOL4	0	0	2.47725300474499	0	0	0	0	0	0	0	0
APOL6	0	0	6.2397922227459	0	0	0	0	0	0	0	0
AQP9	0	0	0	0	7.96995622686395	0	0	0	0	0	0
ARHGAP11A	0	0	0	0	0	0	0	0	0	0	-7.98068750953444
ARHGAP29	0	0	0	0	0	0	-3.15705238673113	0	0	0	0
ARHGEF2	0	0	0	3.46175258889974	0	0	0	0	0	0	0
ARHGEF40	0	0	0	0	0	0	2.13147512323093	0	0	0	0
ART4	0	0	0	0	0	0	0	0	0	-2.08729381296948	0
ASB8	-1.45897618110501	0	0	0	0	0	0	0	0	0	0
ATG2B	-1.70000330626383	0	0	0	0	0	0	0	0	0	0
ATP10A	0	0	0	0	0	0	2.81102914847559	0	0	0	0
ATP6V1G2	0	0	0	0	0	-7.05911957236839	0	0	0	0	0
ATXN3	-1.30530556661619	0	0	0	0	0	0	0	0	0	0
AUH	-2.28259454233051	0	0	0	0	0	0	0	0	0	0
AUTS2	0	0	0	0	0	0	1.87489382444555	0	0	0	0
B4GALT1	0	0	0	0	0	0	0	2.77749397868949	0	0	0
B4GALT6	0	0	0	4.28982131621664	0	0	0	0	0	0	0
BAAT	0	0	0	0	0	-3.41586322058847	0	0	0	0	0
BACH2	0	0	0	0	0	0	0	0	2.26762234771395	0	0
BANK1	0	0	0	0	0	0	0	0	1.91701759032236	0	0
BATF2	0	0	7.814593650072	0	0	0	0	0	0	0	0
BBIP1	-1.19972116295507	0	0	0	0	0	0	0	0	0	0
BBS1	0	0	0	-2.06695153988715	0	0	0	0	0	0	0
BCAR3	0	0	0	0	0	0	0	0	0	5.73093036772154	0
BCKDHA	0	4.09182872611941	0	0	0	0	0	0	0	0	0
BCL2A1	0	0	0	0	0	0	0	17.4020343086502	0	0	0
BCOR	0	0	0	0	0	0	3.22668205710037	0	0	0	0
BDKRB1	0	0	0	0	0	0	0	5.14773553103214	0	0	0
BEND4	0	0	0	0	0	0	0	0	0	-2.44272142288261	0
BGN	0	0	0	0	0	0	3.40308103214951	0	0	0	0
BHLHE40	0	15.0804032451097	0	0	0	0	0	0	0	0	0
BID	0	0	0	0	0	0	0	5.99244681807331	0	0	0
BIRC2	0	0	0	0	0	0	0	4.81673237266991	0	0	0
BIRC3	0	0	0	0	0	0	0	13.8120369174668	0	0	0
BLM	0	0	0	5.10995682805004	0	0	0	0	0	0	0
BLOC1S2	0	0	0	0	0	0	0	0	0	0	7.41335810448149
BMP2	0	0	0	0	0	0	0	8.4418611927199	0	0	0
BMPR2	0	0	0	0	0	0	4.57948502440161	0	0	0	0
BMS1P5	0	0	0	0	0	0	0	0	-2.06222344341661	0	0
BNIP3	0	19.2118423631085	0	0	0	0	0	0	0	0	0
BNIP3L	0	13.9824416338767	0	0	0	0	0	0	0	0	0
BRS3	0	0	0	0	0	0	0	0	0.921947918977817	0	0
BSDC1	-1.29007420864605	0	0	0	0	0	0	0	0	0	0
BST2	0	0	8.01250537490851	0	0	0	0	0	0	0	0
BTG2	0	0	0	0	0	0	0	0	0	0	10.2301624847538
BZW1	2.79702766837917	0	0	0	0	0	0	0	0	0	0
C10orf128	0	0	0	0	0	0	0	0	2.17489086406648	0	0
C11orf1	0	0	0	0	0	-3.33067427053685	0	0	0	0	0
C11orf71	0	0	0	-3.10973654408999	0	0	0	0	0	0	0
C11orf96	0	0	0	0	0	0	0	4.75133859396781	0	0	0
C12orf77	0	0	0	0	0	0	0	0	0	-4.80167076976089	0
C15orf54	0	0	0	0	0	5.52049993547135	0	0	0	0	0
C16orf54	0	0	0	0	-5.59969269482589	0	0	0	0	0	0
C17orf82	0	0	0	0	0	0	0	0	0	0	3.27904949403407
C17orf99	0	0	0	0	0	0	0	0	2.18205316382391	0	0
C19orf66	0	0	5.39788727204623	0	0	0	0	0	0	0	0
C1QTNF1	0	0	0	0	0	0	0	5.75639812358455	0	0	0
C1QTNF4	0	0	0	0	0	0	0	0	0	-1.94863798995163	0
C2CD5	-1.98891142390808	0	0	0	0	0	0	0	0	0	0
C2orf66	0	0	0	0	0	0	0	0	0	0	11.5252358744675
C3	0	0	0	0	0	0	0	10.041112346104	0	0	0
C3orf80	0	0	0	0	0	0	4.89163454447776	0	0	0	0
C4orf3	0	7.44497208564545	0	0	0	0	0	0	0	0	0
C4orf47	0	6.05713809315465	0	0	0	0	0	0	0	0	0
C5orf52	0	0	0	0	0	12.2548804432301	0	0	0	0	0
C7orf77	0	0	0	0	0	0	0	0	-1.67599850054929	0	0
C8orf4	0	0	0	0	0	0	0	8.45290527397727	0	0	0
C8orf58	0	3.11086406073602	0	0	0	0	0	0	0	0	0
CA14	0	0	0	0	0	-4.66924643319369	0	0	0	0	0
CA9	0	13.9002823575078	0	0	0	0	0	0	0	0	0
CABYR	0	0	0	0	0	0	0	0	0	0	6.12682762688378
CALCOCO1	0	0	0	0	0	-6.86396765668144	0	0	0	0	0
CALD1	0	0	0	0	0	0	3.06176812567601	0	0	0	0
CALML6	0	0	0	0	0	0	0	0	1.62829945484847	0	0
CAMK4	0	0	0	0	0	0	0	0	0	-2.59816256589376	0
CAMLG	0	0	0	0	0	-5.97135998556602	0	0	0	0	0
CAPG	0	0	0	0	0	0	0	0	2.47984802949542	0	0
CARF	-1.6068302877378	0	0	0	0	0	0	0	0	0	0
CASC10	0	0	0	0	0	4.82010978136531	0	0	0	0	0
CASP5	0	0	0	0	4.97617161636708	0	0	0	0	0	0
CASP7	0	0	3.45917972789814	0	0	0	0	0	0	0	0
CBARP	1.01528826050932	0	0	0	0	0	0	0	0	0	0
CBFA2T3	0	0	0	0	0	0	0	0	2.28195164917298	0	0
CBX7	0	0	0	0	0	-6.1718312996744	0	0	0	0	0
CCDC155	0	0	0	0	0	0	0	0	1.5391997858548	0	0
CCDC25	0	0	0	0	0	-4.29703128149901	0	0	0	0	0
CCDC28A	-3.18726909172407	0	0	0	0	-8.42502232103562	0	0	0	0	0
CCDC81	0	0	0	0	0	0	0	0	0	-2.39526636784713	0
CCDC90B	0	0	0	0	0	0	0	0	0	0	3.38809929240003
CCL2	0	0	0	0	0	0	0	19.6522809444991	0	0	0
CCL20	0	0	0	0	34.2319788874374	0	0	39.0032629452118	0	0	0
CCL23	0	0	0	0	3.17530761449716	0	0	0	0	0	0
CCL4	0	0	0	0	38.507623059063	0	0	0	0	0	0
CCL7	0	0	0	0	4.93076643871265	0	0	0	0	0	0
CCL8	0	0	0	0	18.8616678386686	0	0	0	0	0	0
CCM2	0	0	0	0	0	0	0	0	0	4.18783696031007	0
CCR2	0	0	0	0	-4.08477204938855	0	0	0	0	0	0
CCR7	0	0	0	0	11.6089884622813	0	0	0	0	0	0
CCRL2	0	0	0	0	10.2906524758788	0	0	0	0	0	0
CD1A	0	0	0	0	0	0	0	0	2.2352261881436	0	0
CD274	0	0	0	0	11.5071180881613	0	0	0	0	0	0
CD300LF	0	0	0	0	-3.67565166428597	0	0	0	0	0	0
CD40	0	0	0	0	6.18472343927114	0	0	0	0	0	0
CD44	0	0	0	0	5.57995289347167	0	0	0	0	0	0
CD48	0	0	0	0	4.71473215757802	0	0	0	0	0	0
CD72	0	0	0	0	0	0	0	0	2.16367647217667	-2.77487634121953	0
CD79A	0	0	0	0	0	0	0	0	1.17712168677992	0	0
CD80	0	0	0	0	8.10223945747919	0	0	0	0	0	0
CD83	0	0	0	0	0	0	0	11.1018393154097	0	0	0
CD93	0	0	0	0	0	0	0	0	0	3.10196554517337	0
CDC37L1	0	0	0	0	0	0	0	0	0	3.30653363292855	0
CDCA4	0	0	0	4.68613134195655	0	0	0	0	0	0	0
CDH2	0	0	0	0	0	0	3.3297311908502	0	0	0	0
CDIP1	0	0	0	0	0	0	0	0	0	0	5.05054664902021
CDK5RAP3	0	0	0	0	0	-5.1048498467579	0	0	0	0	0
CDKN1A	0	0	0	0	0	0	0	0	0	0	15.9597787210025
CDKN2B	0	0	0	0	0	0	3.33554308729229	0	0	0	0
CEL	0	0	0	0	0	0	0	0	0	0	4.05198980386047
CENPQ	0	0	0	5.69303114481263	0	0	0	0	0	0	0
CES2	0	0	0	0	0	0	0	0	0	0	7.28502709196748
CFB	0	0	0	0	0	0	0	7.5987848251324	0	0	0
CFL1	1.42577121837044	0	0	0	0	0	0	0	0	0	0
CFLAR	0	0	0	0	4.44830638168258	0	0	3.7433411897943	0	0	0
CHRNA10	0.788600675423935	0	0	0	0	0	0	0	0	0	0
CHST3	0	0	0	0	0	0	2.74854488679109	0	0	0	0
CILP	0	0	0	0	0	0	4.56060818346228	0	0	0	0
CIR1	0	0	0	0	0	-5.05797073200806	0	0	0	0	0
CLCA2	0	0	0	0	0	0	0	0	0	0	10.5260066529024
CLDN1	0	0	0	0	0	0	0	9.15156997446383	0	0	0
CLDN11	0	0	0	0	0	0	-3.65197039013642	0	0	0	0
CLDN8	-2.05487550399201	0	0	0	0	0	0	0	0	0	0
CLEC4E	0	0	0	0	4.41638824380904	0	0	0	0	0	0
CLIC4	0	0	0	0	6.38977368196793	0	0	0	0	0	0
CLK3	0	3.54104386498746	0	0	0	0	0	0	0	0	0
CLUHP3	0	0	0	0	0	0	0	2.02391089101131	0	0	0
CMBL	0	0	0	0	0	0	0	0	0	0	5.05729679725631
CMPK2	0	0	15.144550076607	0	0	0	0	0	0	0	0
CMTR1	0	0	2.68409159576088	0	0	0	0	0	0	0	0
CNN1	0	0	0	0	0	0	4.88785454224262	0	0	0	0
CNOT8	0	3.32382033934756	0	0	0	0	0	0	0	0	0
CNP	0	0	2.93795959061306	0	0	0	0	0	0	0	0
COA5	0	0	0	0	0	-4.86901764000647	0	0	0	0	0
COL1A1	0	0	0	0	0	0	3.52320668568091	0	0	0	0
COL4A1	0	0	0	0	0	0	6.29549099040953	0	0	0	0
COL4A2	0	0	0	0	0	0	4.26561383060408	0	0	0	0
COL5A1	0	0	0	0	0	0	5.08032815947531	0	0	0	0
COMP	0	0	0	0	0	0	9.88301627272624	0	0	0	0
CPA6	0	0	0	0	0	0	0	0	0	-2.60205451382556	0
CPVL	0	0	0	0	0	0	0	0	0	-3.99675198924552	0
CRBN	0	0	0	0	0	-7.18856981028681	0	0	0	0	0
CREB3L4	0	0	0	0	0	-8.95574743745215	0	0	0	0	0
CREBRF	0	0	0	0	0	-10.9442120200696	0	0	0	0	0
CRIPT	-2.09475644950294	0	0	0	0	0	0	0	0	0	0
CRKL	0	2.52277554228077	0	0	0	0	0	0	0	0	0
CRLF1	0	0	0	0	0	0	4.87185538747755	0	0	0	0
CRYL1	0	0	0	0	0	-6.98481971496723	0	0	0	0	0
CRYM	0	0	0	0	0	0	0	0	0	3.43589440897439	0
CSF2	0	0	0	0	0	0	0	8.55523694688589	0	0	0
CSF3	0	0	0	0	0	0	0	6.24054343754387	0	0	0
CSMD1	0	0	0	0	0	0	0	0	0	-1.39081803767901	0
CSMD3	0	0	0	0	0	0	0	0	0	0	4.81067900711124
CST7	0	0	0	0	0	0	0	0	2.7312202858693	0	0
CSTA	0	0	0	0	0	0	0	0	0	0	9.00943125793216
CTD-2297D10.2	0	0	0	0	0	0	0	0	-1.60301908613956	0	0
CTDSP1	0	0	0	0	0	-4.71650894564102	0	0	0	0	0
CTHRC1	0	0	0	0	0	0	0	9.32047235389146	0	0	0
CTSF	0	0	0	0	0	-9.0444020169292	0	0	0	0	0
CTSS	0	0	0	0	0	0	0	6.37631449329363	0	0	0
CXCL1	0	0	0	0	28.0771363921015	0	0	20.6187208287378	0	0	0
CXCL11	0	0	13.8027200251939	0	21.6286988152101	0	0	0	0	0	0
CXCL2	0	0	0	0	9.91523868633717	0	0	9.10354241078106	0	0	0
CXCL3	0	0	0	0	23.1992506649367	0	0	23.8803635516188	0	0	0
CXCL5	0	0	0	0	0	0	0	10.1121418981531	0	0	0
CXCL6	0	0	0	0	0	0	0	10.42710825321	0	0	0
CXCL8	0	0	0	0	0	0	0	45.2973219128968	0	0	0
CYFIP2	0	0	0	0	0	0	0	0	0	0	7.06375142743925
CYLD	0	0	0	0	0	0	0	3.01592353000182	0	0	0
CYP2J2	0	0	2.07918292011273	0	0	0	0	0	0	0	0
CYP4F2	0	0	0	0	0	0	0	0	0	0	4.14361838243786
CYSRT1	0	0	0	0	0	0	0	0	0	0	5.0787141683005
CYTL1	0	0	0	0	0	-4.68636785603394	0	0	0	3.43756300858954	0
DACT1	0	0	0	0	0	0	6.29451217176277	0	0	0	0
DARS	0	3.64421289242128	0	0	0	0	0	0	0	0	0
DCAF13	1.45802435839408	0	0	0	0	0	0	0	0	0	0
DCBLD1	0	0	0	0	0	0	4.22950408640285	0	0	0	0
DCBLD2	0	0	0	4.95493243054032	0	0	0	0	0	0	0
DDB2	0	0	0	0	0	0	0	0	0	0	8.18177940749405
DDX58	0	0	12.6897521949623	0	0	0	0	0	0	0	0
DDX60	0	0	11.8713048519716	0	0	0	0	0	0	0	0
DDX60L	0	0	7.02998189390348	0	0	0	0	0	0	0	0
DENND5A	0	0	0	0	6.07959990401329	0	0	0	0	0	0
DERL3	0	0	0	0	0	-3.87195508195674	0	0	0	0	0
DFNA5	0	0	0	0	0	0	0	0	3.12462956774261	0	0
DGKA	0	0	0	0	0	0	0	0	0	0	5.38815201587594
DHRS12	0	0	0	0	0	-3.22090822384187	0	0	0	0	0
DHX58	0	0	4.81140362675955	0	0	0	0	0	0	0	0
DKFZP434L187	0	0	0	0	0	0	0	0	-1.21384731316378	0	0
DLEU7-AS1	0	0	0	0	0	0	0	0	0	-4.00586082462599	0
DLX2	0	0	0	0	0	0	3.04239805905391	0	0	0	0
DMRTC2	0	0	0	0	0	0	0	0	-1.43738988120991	0	0
DNAAF1	0	0	0	0	4.62583876602893	0	0	0	0	0	0
DNAL4	0	0	0	0	0	-4.3309931556002	0	0	0	0	0
DPY19L1P1	-1.41317770351583	0	0	0	0	0	0	0	0	0	0
DQX1	0	0	0	0	0	0	0	0	0	0	4.39078143940001
DRAM1	0	0	0	0	0	0	0	10.8979979823764	0	0	0
DRAXIN	0	0	0	0	0	0	0	0	0	0	6.01747021967264
DSE	0	0	0	0	0	0	3.62866649396741	0	0	0	0
DTNB	0	0	0	0	0	0	0	0	-1.11081842810894	0	0
DTX2	0	0	0	0	0	0	0	2.97634760078903	0	0	0
DTX3L	0	0	8.21229365644617	0	0	0	0	0	0	0	0
DUSP4	7.06556408585151	0	0	8.80412023869597	0	0	0	0	0	0	0
DUSP5	8.087069197479	0	0	0	0	0	0	0	0	0	0
DUSP6	12.8923091725155	0	0	22.0684187071069	0	0	0	0	0	0	0
DYNC2LI1	-1.45606476240396	0	0	0	0	0	0	0	0	0	0
EAPP	-2.22850173551364	0	0	0	0	-5.46270393206374	0	0	0	0	0
EBI3	0	0	0	0	12.9339128604526	0	0	0	0	0	0
ECT2	0	0	0	4.1841916599655	0	0	0	0	0	0	0
EDA2R	0	0	0	0	0	0	0	0	0	0	3.18377346243099
EDN1	0	0	0	0	0	0	0	7.64689019447207	0	0	0
EFHC1	-2.0882387056878	0	0	0	0	0	0	0	0	0	0
EFNA1	0	0	0	0	0	0	0	19.0374805170602	0	0	0
EFNA3	0	4.18349763792629	0	0	0	0	0	0	0	0	0
EFNB1	0	0	0	0	0	0	0	0	0	0	2.8687631500673
EFR3B	0	0	0	0	0	0	1.3896336039819	0	0	0	0
EGFEM1P	0	0	0	0	0	0	0	0	-1.45038733924653	0	0
EGLN1	0	9.48675009529435	0	0	0	0	0	0	0	0	0
EGLN3	0	10.7449935600108	0	0	0	0	0	0	0	0	0
EGR4	3.0460568791904	0	0	0	0	0	0	0	0	0	0
EHD1	0	0	0	0	7.19746865473395	0	0	5.17414313786149	0	0	0
EI24	0	0	0	0	0	0	0	0	0	0	4.08921781780854
EIF2AK2	0	0	5.69613049804895	0	0	0	0	0	0	0	0
ELF2	-1.37861105344113	0	0	0	0	0	0	0	0	0	0
ELK3	0	0	0	4.74864196261742	0	0	0	0	0	0	0
ENO1	0	6.00984811243633	0	0	0	0	0	0	0	0	0
ENO2	0	14.2378618084495	0	0	0	0	0	0	0	0	0
ENOPH1	0	0	0	2.4372318440157	0	0	0	0	0	0	0
EPB41L4A-AS1	0	0	0	0	0	-11.4779030633982	0	0	0	0	0
EPHA2	5.50815265362011	0	0	7.39185635579745	0	0	0	0	0	0	0
EPHA3	0	0	0	0	0	0	0	0	0	-4.3969928948996	0
EPS8L2	0	0	0	-2.60729298223961	0	0	0	0	0	0	0
EPSTI1	0	0	11.7221585195193	0	0	0	0	0	0	0	0
ERICH3-AS1	0	0	0	0	0	0	0	0	1.42064384887041	0	0
ERO1A	0	9.63522734414903	0	0	0	0	0	0	0	0	0
ETFDH	-1.74262724159222	0	0	0	0	0	0	0	0	0	0
ETS1	0	0	0	0	0	0	0	4.7497360971597	0	0	0
ETV1	0	0	0	5.98643904078305	0	0	0	0	0	0	0
ETV4	0	0	0	9.62593658605982	0	0	0	0	0	0	0
ETV5	0	0	0	9.86268146512615	0	0	0	0	0	0	0
ETV7	0	0	4.39023757164887	0	0	0	0	0	0	0	0
EXD3	0.796233577535591	0	0	0	0	0	0	0	0	0	0
FAM101B	0	0	0	0	0	0	7.38379113605336	0	0	0	0
FAM134A	-1.72820101843052	0	0	0	0	0	0	0	0	0	0
FAM134C	-2.17074784881703	0	0	0	0	0	0	0	0	0	0
FAM13A	0	5.1257549253032	0	0	0	0	0	0	0	0	0
FAM13C	0	0	0	0	0	0	0	0	0	0	4.32243435979931
FAM162A	0	8.25037985413371	0	0	0	0	0	0	0	0	0
FAM60A	0	0	0	3.98862260434341	0	0	0	0	0	0	0
FAM84B	0	0	0	5.38367685080731	0	0	0	0	0	0	0
FAS	0	0	0	0	0	0	0	0	0	0	12.0311048162812
FAXDC2	0	0	0	0	0	-11.9808264090833	0	0	0	0	0
FBLN5	0	0	0	0	0	0	5.1341560602363	0	0	0	0
FBXO22	0	0	0	0	0	0	0	0	0	0	3.6940543487911
FBXO25	0	0	0	0	0	-7.09117837120162	0	0	0	-3.49812979910221	0
FBXO42	0	2.21726777805998	0	0	0	0	0	0	0	0	0
FBXW7	0	0	0	0	0	0	0	0	0	0	4.28680900858226
FCAR	0	0	0	0	2.41947568693338	0	0	0	0	0	0
FCGRT	0	0	0	0	0	-5.18279377561755	0	0	0	0	0
FCMR	0	0	0	0	0	-4.73985585390362	0	0	0	0	0
FDXR	0	0	0	0	0	0	0	0	0	0	11.9933603501794
FES	0	0	0	0	-2.82547557488828	0	0	0	0	0	0
FFAR2	0	0	0	0	4.75094904580176	0	0	0	0	0	0
FHIT	0	0	0	0	0	-4.36202595846787	0	0	0	0	0
FLAD1	0	-3.06935737209707	0	0	0	0	0	0	0	0	0
FLCN	0	0	0	0	0	0	0	0	1.80736352656193	0	0
FLJ26850	0	0	0	0	0	0	0	0	0	0	4.24491013983709
FOSL1	7.76978837197337	0	0	10.6286009284188	0	0	0	0	0	0	0
FOXN3	-1.71541207120003	0	0	0	0	0	0	0	0	0	0
FRAT2	0	0	0	0	-4.9280039184272	0	0	0	0	0	0
FRMD4A	0	0	0	3.06610706232458	0	0	0	0	0	0	0
FRMPD1	0	0	0	0	0	0	0	0	-2.3026546712072	0	0
FSTL3	0	0	0	0	0	0	6.85251581534312	0	0	0	0
FUT11	0	11.1642685431561	0	0	0	0	0	0	0	0	0
GAA	0	0	0	0	0	-5.20600345868276	0	0	0	0	0
GABARAP	0	0	0	-4.25451889375194	0	0	0	0	0	0	0
GALNT10	0	0	0	0	0	0	3.2351936481474	0	0	0	0
GALT	0	0	0	-2.21954057211786	0	0	0	0	0	0	0
GAPDH	0	5.00938187293209	0	0	0	0	0	0	0	0	0
GART	0	0	0	2.69751570264674	0	0	0	0	0	0	0
GATA2	0	0	0	0	0	0	2.58149427067889	0	0	0	0
GBE1	0	9.62961663932525	0	0	0	0	0	0	0	0	0
GBP1	0	0	10.2221692317354	0	0	0	0	0	0	0	0
GBP4	0	0	7.48721564637556	0	0	0	0	0	0	0	0
GBP5	0	0	0	0	10.2356998507353	0	0	0	0	0	0
GCH1	0	0	0	0	18.0738572882654	0	0	0	0	0	0
GDF15	0	0	0	0	0	0	0	0	0	0	9.20502416332692
GDF5	0	0	0	0	0	0	-1.91500309727301	0	0	0	0
GEMIN8	0	0	0	0	0	-3.99083232700751	0	0	0	0	0
GLS2	0	0	0	0	0	0	0	0	0	0	6.46496566115607
GNL3L	0	0	0	0	0	0	0	0	-1.94046157262803	0	0
GNPTG	0	0	0	0	0	-6.71914426924809	0	0	0	0	0
GOLPH3L	-2.82205265142986	0	0	0	0	0	0	0	0	0	0
GOPC	0	0	0	0	0	0	3.16475628047471	0	0	0	0
GP5	0	0	0	0	0	0	0	0	0	-1.56729935542842	0
GPI	0	8.48220868189535	0	0	0	0	0	0	0	0	0
GPR132	0	0	0	0	5.86319715815394	0	0	0	0	0	0
GPR176	0	0	0	0	0	0	0	3.03031923109604	0	0	0
GPR18	0	0	0	0	0	0	0	0	4.08934660000313	0	0
GPR3	0	0	0	2.41025995175291	0	0	0	0	0	0	0
GPR84	0	0	0	0	11.3418408515503	0	0	0	0	0	0
GPR87	0	0	0	0	0	0	0	0	0	0	10.8342091431099
GRAMD1A	0	0	0	0	5.68394583485237	0	0	0	0	0	0
GRAMD1C	-2.87148788197101	0	0	0	0	0	0	0	0	0	0
GRHL3	0	0	0	0	0	0	0	0	0	0	8.2138263574375
GRIA3	0	0	0	0	0	0	1.24614492334852	0	0	0	0
GRIN2C	0	0	0	0	0	0	0	0	0	0	1.84042491391718
GRIP2	0	0	0	0	0	0	0	0	0	0	2.52865258214141
GVQW2	0	0	0	0	0	0	0	0	-1.5756276986081	0	0
GYS1	0	4.94659926465483	0	0	0	0	0	0	0	0	0
HACD4	0	0	0	0	0	0	0	0	0	-3.78600063659855	0
HAR1A	0	0	0	0	0	0	0	0	1.91887236763912	0	0
HAS3	3.1117452728407	0	0	0	0	0	0	0	0	0	0
HAUS6	0	0	0	4.69976004803326	0	0	0	0	0	0	0
HELZ2	0	0	4.72909864539014	0	0	0	0	0	0	0	0
HERC5	0	0	9.02508457950118	0	0	0	0	0	0	0	0
HERC6	0	0	8.70609920424208	0	0	0	0	0	0	0	0
HHEX	0	0	0	0	-6.69217504089249	0	0	0	0	0	0
HILPDA	0	16.6415139361597	0	0	0	0	0	0	0	0	0
HIVEP1	0	0	0	0	5.8100492400281	0	0	0	0	0	0
HIVEP2	0	0	0	0	5.85302295478653	0	0	0	0	0	0
HMGCL	0	0	0	0	0	-6.13286943164004	0	0	0	0	0
HMHB1	0	0	0	0	0	0	0	0	0	-1.73661220736432	0
HMOX2	1.72186820663144	0	0	0	0	0	0	0	0	0	0
HS3ST3B1	0	0	0	0	6.47763278658551	0	0	0	0	0	0
HSBP1L1	0	0	0	0	0	-6.54673217878386	0	0	0	0	0
HSD17B8	0	0	0	0	0	-8.06137736004339	0	0	0	0	0
HTR1F	0	0	0	0	0	0	0	0	-1.55945760732617	-2.1795996983384	0
HVCN1	0	0	0	0	0	0	0	0	2.52609745646299	0	0
ICAM1	0	0	0	0	0	0	0	22.343821112832	0	0	0
ID1	0	0	0	0	0	0	16.197943377661	0	0	0	0
ID3	0	0	0	0	0	0	13.6820084386284	0	0	0	0
ID4	0	0	0	0	0	0	5.31142549843957	0	0	0	0
IDO1	0	0	0	0	16.0335271907571	0	0	0	0	0	0
IFI16	0	0	7.1299427323646	0	0	0	0	0	0	0	0
IFI27	0	0	11.1460874041335	0	0	0	0	0	0	0	0
IFI35	0	0	10.2111812662047	0	0	0	0	0	0	0	0
IFI44	0	0	12.220150070103	0	0	0	0	0	0	0	0
IFI44L	0	0	18.3743697182034	0	0	0	0	0	0	0	0
IFI6	0	0	12.432491488905	0	0	0	0	0	0	0	0
IFIH1	0	0	8.11519105047859	0	8.25350649127048	0	0	0	0	0	0
IFIT1	0	0	27.5546710267187	0	0	0	0	0	0	0	0
IFIT2	0	0	15.9084979029865	0	0	0	0	0	0	0	0
IFIT3	0	0	19.9889403685755	0	0	0	0	0	0	0	0
IFIT5	0	0	7.8283342790216	0	0	0	0	0	0	0	0
IFITM1	0	0	13.8974056448342	0	0	0	0	0	0	0	0
IFNAR2	0	0	0	0	0	0	0	7.75374565904347	0	0	0
IFNGR2	0	0	0	0	0	0	0	7.41943770032578	0	0	0
IFNLR1	0	0	0	0	0	0	0	0	1.91461570662722	0	0
IFT80	-1.90077578477063	0	0	0	0	0	0	0	0	0	0
IGFL1	0	0	0	0	0	0	0	8.80453600393778	0	0	0
IGLL1	0	0	0	0	0	0	0	0	0	-3.36990225029227	0
IGLL3P	0	0	0	0	0	0	0	0	1.38474855613128	-1.54448137281437	0
IKBIP	0	0	0	0	0	0	0	0	0	0	7.33094517674113
IKBKE	0	0	0	0	0	0	0	3.94548887603518	0	0	0
IKZF3	0	0	0	0	0	0	0	0	0	-1.58716560032763	0
IL10RA	0	0	0	0	8.38358510375274	0	0	0	0	0	0
IL11	0	0	0	0	0	0	6.33168690681463	0	0	0	0
IL12B	0	0	0	0	14.4815835014065	0	0	0	0	0	0
IL15	0	0	0	0	0	0	0	5.57613378265608	0	0	0
IL1A	0	0	0	0	11.6916920669775	0	0	0	0	0	0
IL1B	0	0	0	0	29.4236941124702	0	0	0	0	0	0
IL1RN	0	0	0	0	0	0	0	4.71154332909351	0	0	0
IL23A	0	0	0	0	3.55327579070764	0	0	0	0	0	0
IL32	0	0	0	0	0	0	0	15.9545924683615	0	0	0
IL36G	0	0	0	0	0	0	0	13.2515604227528	0	0	0
IL6	0	0	0	0	24.8305363901988	0	0	19.8416679502341	0	0	0
IL7R	0	0	0	0	11.3551245873636	0	0	0	0	0	0
IMMP2L	0	0	0	0	0	0	0	0	0	-2.01726876359311	0
ING4	0	0	0	0	0	-7.64252615404625	0	0	0	0	0
INHBA	0	0	0	0	0	0	0	15.4377918609552	0	0	0
INO80C	0	0	0	0	0	3.95889685168398	0	0	0	0	0
INPP1	0	0	0	0	0	0	0	0	0	0	7.48848215526511
INPP5K	0	0	0	0	0	-4.50020791737454	0	0	0	0	0
INSIG2	0	13.4440585223707	0	0	0	0	0	0	0	0	0
IRAK2	0	0	0	0	6.42673429108147	0	0	4.84050362309924	0	0	0
IRF1	0	0	0	0	0	0	0	16.1437210776853	0	0	0
IRF7	0	0	8.02828923888415	0	0	0	0	0	0	0	0
IRF9	0	0	7.41527621942469	0	0	0	0	0	0	0	0
ISCU	0	0	0	0	0	0	0	0	0	0	5.51256921339594
ISG15	0	0	19.866645752956	0	0	0	0	0	0	0	0
ISG20	0	0	0	0	11.7083485374088	0	0	0	0	0	0
ITGA11	0	0	0	0	0	0	3.35779533415734	0	0	0	0
ITGB8	0	0	0	0	6.85315010675275	0	0	0	0	0	0
JCHAIN	0	0	0	0	0	0	0	0	0	-3.25018618880394	0
JUNB	0	0	0	0	0	0	6.87628863662757	0	0	0	0
KANK3	0	0	0	0	0	0	0	0	0	0	2.90653850762665
KANSL1-AS1	0	0	0	0	0	-5.77078346127814	0	0	0	0	0
KBTBD2	0	0	0	3.19639501905131	0	0	0	0	0	0	0
KCNAB3	0	0	0	0	0	0	0	0	-1.09275286598701	0	0
KCNF1	1.64739852650279	0	0	0	0	0	0	0	0	0	0
KCNK10	0	0	0	0	0	0	0	0	0	2.87081263653734	0
KCTD11	0	0	0	0	0	0	6.24523974061515	0	0	0	0
KDM3A	0	10.7566435885399	0	0	0	0	0	0	0	0	0
KDM4B	0	3.51490530225824	0	0	0	0	0	0	0	0	0
KDM4C	0	2.40147011509906	0	0	0	0	0	0	0	0	0
KIAA0430	-2.34378348892499	0	0	0	0	0	0	0	0	0	0
KIAA1211	0	0	0	0	0	0	0	0	0	-4.85188636274338	0
KIAA1522	-2.62830368319672	0	0	0	0	0	0	0	0	0	0
KIRREL3	0	0	0	0	0	0	2.53319000363129	0	0	0	0
KLHDC2	-3.68200903838879	0	0	0	0	0	0	0	0	0	0
KLHDC7A	0	0	0	0	0	0	0	0	0	0	4.56923177986609
KLHL14	0	0	0	0	0	0	0	0	-2.12299354053408	0	0
KLHL24	0	0	0	0	0	-11.1875301727281	0	0	0	0	0
KRR1	0	0	0	2.4499234562998	0	0	0	0	0	0	0
KRT6B	0	0	0	0	0	0	0	4.36069625925511	0	0	0
KRTAP19-1	0	0	0	0	0	-6.54718277574163	0	0	0	0	0
KYNU	0	0	0	0	7.75099523891404	0	0	0	0	0	0
LAMC2	3.98671404805265	0	0	0	0	0	0	0	0	0	0
LAMP3	0	0	9.65727514396806	0	0	0	0	0	0	0	0
LAMTOR5-AS1	0	0	0	0	0	-7.7065442107059	0	0	0	0	0
LAP3	0	0	7.05348871558227	0	0	0	0	0	0	0	0
LARP7	-0.875382049632593	0	0	0	0	0	0	0	0	0	0
LCE1B	0	0	0	0	0	0	0	0	0	0	11.8239441538167
LDHA	0	7.58145208175714	0	0	0	0	0	0	0	0	0
LDLR	0	0	0	4.67054578019237	0	0	0	0	0	0	0
LDLRAP1	0	0	0	0	0	0	0	0	0	-2.76506029273083	0
LECT2	0	0	0	0	0	0	2.93866992524952	0	0	0	0
LILRA2	0	0	0	0	0	0	0	0	1.30542988206692	0	0
LIM2	0	0	0	0	0	0	0	0	1.09639789710987	0	0
LIN7B	0	0	0	0	0	0	1.90988478711504	0	0	0	0
LINC00158	0	0	0	0	6.68272255533801	0	0	0	0	0	0
LINC00163	0	0	0	0	0	0	0	0	1.8615143040251	0	0
LINC00312	0	0	0	0	0	0	4.34636157790543	0	0	0	0
LINC00973	0	0	0	17.0062011835687	0	0	0	0	0	0	0
LINC01013	0	0	0	0	0	0	0	0	1.7277679667021	0	0
LINC01226	0	0	0	0	0	0	0	0	1.9167502776511	0	0
LINC01304	0	0	0	0	0	0	0	0	0.976729407312266	0	0
LINC01355	0	0	0	0	0	0	0	0	0	3.79347626652301	0
LIPC	0	0	0	0	0	0	0	0	0	-2.37264796110799	0
LMCD1	0	0	0	0	0	0	5.50335909401596	0	0	0	0
LOC100128751	0	0	0	0	0	0	0	0	0	2.82329269251535	0
LOC100130417	0	0	0	0	0	0	4.12999710380941	0	0	0	0
LOC100130476	0	0	0	0	0	0	0	6.51410020399979	0	0	0
LOC100133106	0	0	0	0	0	0	0	0	0	26.797439975399	0
LOC100134937	0	0	0	0	0	-8.75825855107981	0	0	0	0	0
LOC100190986	0	0	0	0	0	0	0	0	-4.18288578174811	0	0
LOC100288160	0	0	0	0	0	0	0	0	0	-6.36473835779024	0
LOC100291323	0	0	0	0	0	0	0	0	-3.09460702385561	0	0
LOC100291666	0	0	0	0	0	0	0	0	0	2.48581716868492	0
LOC100505938	0	0	0	0	0	-8.20921433083923	0	0	0	0	0
LOC100506125	0	0	0	0	0	-4.72131753156164	0	0	0	0	0
LOC100506725	0	0	0	0	0	-4.35160270905888	0	0	0	0	0
LOC100507477	0	0	0	0	0	-4.73662910295514	0	0	0	0	0
LOC101926892	0	0	0	0	0	0	0	0	-1.2817473329531	0	0
LOC101927363	1.66266752923746	0	0	0	0	0	0	0	-1.76249611592295	0	0
LOC101927502	0	0	0	0	0	0	0	0	-1.26401620600972	0	0
LOC101927809	0	0	0	0	0	-6.47818687012667	0	0	0	0	0
LOC101928045	0	0	0	0	0	0	0	0	0	-3.97256386486906	0
LOC101928076	0	0	0	0	0	0	5.71050780228156	0	0	0	0
LOC101928139	0	0	0	0	0	0	0	0	-1.4806206716899	0	0
LOC101928271	0	0	0	0	0	0	0	0	1.12496048543428	0	0
LOC101928424	0	0	0	0	0	-4.51016301801239	0	0	0	0	0
LOC101928580	0	0	0	0	0	0	0	0	1.53301109261188	0	0
LOC101929609	0	0	0	0	0	0	0	0	-1.87124612464833	0	0
LOC102546299	0	0	0	0	0	0	0	0	-1.03831560311851	0	0
LOC102724587	0	0	0	0	0	0	0	0	-3.62362393346201	0	0
LOC105373860	0	0	0	0	0	0	0	0	0	-2.97224684777679	0
LOC105375839	0	0	0	0	0	0	0	0	-1.4365685503482	0	0
LOC105378419	0	0	0	0	0	0	0	0	1.57072226301159	0	0
LOC154761	0	10.1784121452729	0	0	0	0	0	0	0	0	0
LOC253573	0	0	0	0	0	0	0	0	-1.30356570705325	0	0
LOC283075	0	0	0	0	0	-3.84035125079443	0	0	0	0	0
LOC283861	0	0	0	0	0	-12.6018597482242	0	0	0	0	0
LOC285097	0	0	0	0	0	0	0	0	-1.6355686239077	0	0
LOC440934	0	0	0	0	6.8701817909449	0	0	0	0	0	0
LOC441179	0	0	0	0	0	0	0	0	0	-5.6430227247567	0
LOC441454	0	0	0	0	0	0	0	0	-1.50648478396601	0	0
LOC727916	0	0	0	0	0	0	0	0	0	0	13.9492278177624
LOC728061	-4.65685023562074	0	0	0	0	0	0	0	0	0	0
LONRF3	0	0	0	3.48656267633115	0	0	0	0	0	0	0
LOX	0	7.48569972739587	0	0	0	0	0	0	0	0	0
LRMP	0	0	0	0	0	0	0	0	0	-3.28221107679367	0
LRRC15	0	0	0	0	0	0	2.32630774363503	0	0	0	0
LRRC32	0	0	0	0	0	0	5.31890904141301	0	0	0	0
LRRN4CL	0	0	0	0	0	0	-3.73852272230901	0	0	0	0
LTB	0	0	0	0	0	0	0	4.89252272570872	0	0	0
LTBP2	0	0	0	0	0	0	4.33602540604751	0	0	0	0
LYL1	0	0	0	0	-3.30234153187955	0	0	0	0	0	0
LZTFL1	-1.93359027427041	0	0	0	0	0	0	0	0	0	0
MAN2B2	0	0	0	-2.95657784255742	0	0	0	0	0	0	0
MAP2K1	0	3.79039172078836	0	0	0	0	0	0	0	0	0
MAP3K8	0	0	0	0	8.84363993194437	0	0	6.5650362387758	0	0	0
MAPK7	0	2.62372909277257	0	0	0	0	0	0	0	0	0
MARCKS	0	0	0	0	7.86681606423991	0	0	0	0	0	0
MATN2	0	0	0	-6.75420625206022	0	0	0	0	0	0	0
MBTPS1	-1.44375681448666	0	0	0	0	0	0	0	0	0	0
MCAM	0	0	0	0	0	5.00474292474965	0	0	0	0	0
MCCC1	-2.21860344262535	0	0	0	0	0	0	0	0	0	0
MCL1	0	0	0	4.53373438779643	0	0	0	0	0	0	0
MCMBP	0	0	0	3.11565828920609	0	0	0	0	0	0	0
MCTP1	0	0	0	3.8234082652869	0	0	0	0	0	0	0
MDFI	1.18681557491491	0	0	0	0	0	0	0	0	0	0
MDM2	0	0	0	0	0	0	0	0	0	0	8.17140754945558
MFAP4	0	0	0	0	0	0	5.84775790303724	0	0	0	0
MFGE8	0	0	0	0	0	-5.66333586541054	0	0	0	0	0
MGST3	0	0	0	-2.22493107214319	0	0	0	0	0	0	0
MIR100	0	0	0	0	0	0	0	0	0	12.2178383831497	0
MIR143HG	0	0	0	0	0	0	3.04355814925756	0	0	0	0
MIR199A1	0	0	0	0	0	0	0	0	0	10.2627886082187	0
MIR210HG	0	11.4915843051925	0	0	0	0	0	0	0	0	0
MIR222	0	0	0	0	0	0	0	0	0	29.4849309378898	0
MIR31	0	0	0	0	0	0	0	0	0	18.7825259615722	0
MIR323B	0	0	0	0	0	0	0	0	0	-9.35963617842337	0
MIR34A	0	0	0	0	0	0	0	0	0	0	11.1820876454891
MIR410	0	0	0	0	0	0	0	0	0	-6.0207563111901	0
MIR485	0	0	0	0	0	0	0	0	0	-4.83544625528778	0
MIRLET7A2	0	0	0	0	0	0	0	0	0	14.733516144408	0
MLANA	0	0	0	0	0	-9.60564902588195	0	0	0	0	0
MMP10	0	0	0	0	0	0	0	8.22841567299691	0	0	0
MMP12	0	0	0	0	0	0	0	6.42748557353522	0	0	0
MMP13	0	0	0	0	0	0	0	7.08633336383543	0	0	0
MMP9	0	0	0	0	0	0	0	12.4641489148301	0	0	0
MPI	0	3.51473561256761	0	0	0	0	0	0	0	0	0
MPP6	0	0	0	3.61879548444628	0	0	0	0	0	0	0
MR1	0	0	0	0	0	0	0	0	0	0	5.32801483952822
MRAS	0	0	0	0	0	0	5.32748526128312	0	0	0	0
MRGPRX3	0	0	0	0	0	0	0	10.7842716583739	0	0	0
MRPL10	0	0	0	0	0	-4.88354474232952	0	0	0	0	0
MS4A1	0	0	0	0	0	0	0	0	1.85970491210705	0	0
MSC	0	0	0	0	8.18799651412803	0	0	0	0	0	0
MSR1	0	0	0	0	0	0	-1.83286298173601	0	0	0	0
MST1	0	0	0	0	0	-5.03732975026004	0	0	0	0	0
MTAP	0	0	0	2.76074460490057	0	0	0	0	0	0	0
MUC19	0	0	0	0	0	0	0	0	0	0	7.0387211163161
MURC	0	0	0	0	0	0	4.6458516944348	0	0	0	0
MUT	-1.73406390269297	0	0	0	0	0	0	0	0	0	0
MX1	0	0	18.9741625265527	0	0	0	0	0	0	0	0
MX2	0	0	11.5598435030974	0	0	0	0	0	0	0	0
MXI1	0	10.7881047320898	0	0	0	0	0	0	0	0	0
MYD88	0	0	4.31133816007643	0	0	0	0	0	0	0	0
MYL5	0	0	0	0	0	-5.15903022294413	0	0	0	0	0
MYO19	0	0	0	2.25817309354044	0	0	0	0	0	0	0
MYO1A	1.02084598206139	0	0	0	0	0	0	0	0	0	0
MYO3A	0	0	0	0	0	0	0	0	0	-1.92006320039192	0
MYOZ1	0	0	0	0	0	0	5.03530802141055	0	0	0	0
N4BP2L2	-1.63732519023865	0	0	0	0	0	0	0	0	0	0
NADSYN1	0	0	0	0	0	0	0	0	0	0	3.8436148354263
NARF	0	4.07465291676509	0	0	0	0	0	0	0	0	0
NBEAP1	0	0	0	0	0	0	0	0	0	0	6.71085360996648
NBN	0	0	0	0	6.01937620192608	0	0	0	0	0	0
NBR1	-2.06047398785603	0	0	0	0	-4.83133611204295	0	0	0	0	0
NCKAP5	0	0	0	0	0	0	0	0	0	-8.17740534643964	0
NCKIPSD	0	2.33936247831915	0	0	0	0	0	0	0	0	0
NDRG1	0	21.8649659896223	0	0	0	0	0	0	0	0	0
NDST3	0	0	0	0	0	0	0	0	1.12195188326181	0	0
NECAP2	0	0	0	0	0	0	0	2.75365174550009	0	0	0
NENF	0	0	0	0	0	-2.68077521560566	0	0	0	0	0
NFKB1	0	0	0	0	9.76719630762214	0	0	9.48618575013361	0	0	0
NFKB2	0	0	0	0	6.28796194170087	0	0	5.20540372497508	0	0	0
NFKBIA	0	0	0	0	9.81759726938259	0	0	12.9465687258414	0	0	0
NFKBIB	0	0	0	0	0	0	0	2.1512949738906	0	0	0
NFKBIE	0	0	0	0	0	0	0	10.5037218702837	0	0	0
NFKBIZ	0	0	0	0	20.3402446916697	0	0	0	0	0	0
NGLY1	0	3.47786049258425	0	0	0	0	0	0	0	0	0
NID2	0	0	0	0	0	0	0	0	0	-4.83932088081779	0
NINJ1	0	0	0	0	7.20720759047984	0	0	8.65275009068986	0	0	0
NINJ2	0	0	0	0	0	0	3.86291320903047	0	0	0	0
NKD2	0	0	0	0	0	0	0	0	0	3.88225257618382	0
NKX3-1	0	0	0	0	0	0	0	3.10808767175679	0	0	0
NLGN1	0	0	0	0	0	0	0	0	0	-5.64549247973992	0
NLRC5	0	0	5.96774632746052	0	0	0	0	0	0	0	0
NLRP9	0	0	0	0	0	0	0	0	1.41851409048179	0	0
NMI	0	0	7.20037253729947	0	0	0	0	0	0	0	0
NNT	-1.53548903328714	0	0	0	0	0	0	0	0	0	0
NOL3	0	3.96059231280183	0	0	0	0	0	0	0	0	0
NOX1	0	0	0	0	0	0	-0.983061173000445	0	0	0	0
NOX4	0	0	0	0	0	0	5.93279285355899	0	0	0	0
NPAS2	0	0	0	4.86385688060089	0	0	0	0	0	0	0
NPSA	0	0	0	0	0	0	0	0	1.50079588383556	0	0
NPTX1	0	0	0	0	0	0	0	0	0	2.4456986705554	0
NPW	0	0	0	0	0	0	0	0	-2.2507551022527	0	0
NPY	0	0	0	0	0	0	0	0	1.82891720598338	0	0
NR1D2	-3.12890262588507	0	0	0	0	0	0	0	0	0	0
NRF1	0	0	0	0	0	0	0	0	0	0	-2.35153767863635
NRG3	0	0	0	0	0	0	0	0	0	-5.8980324264959	0
NRN1	0	6.69796194657546	0	0	0	0	0	0	0	0	0
NT5E	0	0	0	9.20324340506551	0	0	0	0	0	0	0
NT5M	0	0	0	0	0	-3.59333698658028	0	0	0	0	0
NUAK1	0	0	0	0	0	0	6.00009401227407	0	0	0	0
NUDT19	0	0	0	0	0	0	0	0	0	-9.06234997286587	0
NUP153	0	0	0	2.44380868268571	0	0	0	0	0	0	0
NUP50	0	0	0	3.29265759428327	0	0	0	0	0	0	0
NUP54	0	0	0	1.70940273415337	0	0	0	0	0	0	0
OAS1	0	0	14.8162142117177	0	0	0	0	0	0	0	0
OAS2	0	0	9.43017946456544	0	0	0	0	0	0	0	0
OAS3	0	0	10.4679954257107	0	0	0	0	0	0	0	0
OASL	0	0	12.4889216638595	0	0	0	0	0	0	0	0
ODC1	4.64509761223894	0	0	0	0	0	0	0	0	0	0
OGFR	0	0	2.08736312776997	0	0	0	0	0	0	0	0
OLFM2	0	0	0	0	0	0	2.3624963672078	0	0	0	0
OPCML	0	0	0	0	0	0	4.44597101720701	0	0	0	0
OSER1-AS1	0	0	0	0	0	-7.64632990152253	0	0	0	0	0
P2RY14	0	0	0	0	0	0	0	0	0	2.89799358631304	0
P4HA1	0	11.0224972955466	0	0	0	0	0	0	0	0	0
P4HA2	0	5.26030689494706	0	0	0	0	0	0	0	0	0
PADI4	0	0	0	0	0	0	0	0	0	0	4.11059488843792
PAEP	0	0	0	0	0	-3.57372844186731	0	0	0	0	0
PAM	0	6.19548175761685	0	0	0	0	0	0	0	0	0
PARP12	0	0	6.72863509925585	0	0	0	0	0	0	0	0
PARP14	0	0	6.29061363401426	0	0	0	0	0	0	0	0
PARP9	0	0	8.53804672731894	0	0	0	0	0	0	0	0
PBLD	0	0	0	-2.83294338780397	0	0	0	0	0	0	0
PCMTD2	-2.22652062224985	0	0	0	0	0	0	0	0	0	0
PDE4B	0	0	0	0	6.49845734368034	0	0	0	0	0	0
PDK1	0	12.9840420406306	0	0	0	0	0	0	0	0	0
PDK3	0	4.37893940810306	0	0	0	0	0	0	0	0	0
PEX1	-1.69694121438761	0	0	0	0	0	0	0	0	0	0
PEX11G	0	0	0	0	0	-4.40589051151475	0	0	0	0	0
PFKFB3	0	14.3796412624599	0	0	0	0	0	0	0	0	0
PFKFB4	0	8.86799171114237	0	0	0	0	0	0	0	0	0
PFKL	0	3.53354807676817	0	0	0	0	0	0	0	0	0
PFKP	0	9.15555393821671	0	0	0	0	0	0	0	0	0
PGAM1	0	6.01981643971408	0	0	0	0	0	0	0	0	0
PGAP1	0	0	0	0	0	0	0	0	0	0	5.58283361548031
PGF	0	0	0	0	0	0	0	0	0	0	4.45624918478842
PGK1	0	9.94047252031731	0	0	0	0	0	0	0	0	0
PGM1	0	7.79583334968976	0	0	0	0	0	0	0	0	0
PHACTR3	0	0	0	0	0	0	0	0	0	-9.28625067733297	0
PHC2	0	0	0	3.89249292839166	0	0	0	0	0	0	0
PHF11	0	0	3.76204110988908	0	0	0	0	0	0	0	0
PHLDA1	6.70977167528512	0	0	0	0	0	0	0	0	0	0
PHLDA2	3.55759598111954	0	0	4.27368119271654	0	0	0	0	0	0	0
PHLDA3	0	0	0	0	0	0	0	0	0	0	6.78897768797204
PIDD1	0	0	0	0	0	0	0	0	0	0	5.96425470464816
PIEZO2	0	0	0	0	0	0	0	0	0	-1.88310224454722	0
PIK3C2B	0	0	0	-3.89908435908677	0	0	0	0	0	0	0
PITPNC1	0	0	0	4.08730830536464	0	0	0	0	0	0	0
PKHD1L1	0	0	0	0	0	0	0	0	0	-2.06764747195107	0
PKM	0	4.70216682513493	0	0	0	0	0	0	0	0	0
PKNOX2	0	0	0	0	0	0	2.07497783071043	0	0	0	0
PLAA	0	0	0	0	0	0	0	0	0	2.31529837783684	0
PLAGL2	0	0	0	0	4.30524752402296	0	0	0	0	0	0
PLAU	0	0	0	0	0	0	0	11.5452136140245	0	0	0
PLCB4	0	0	0	0	0	0	4.01582524856663	0	0	0	0
PLCL2	0	0	0	0	0	0	0	0	0	0	3.14524202722444
PLCXD2	0	0	0	0	0	0	0	0	0	0	4.25945876844762
PLEK2	3.483004399878	0	0	0	0	0	0	0	0	0	0
PLGLB2	0	0	0	0	0	0	0	0	-1.76589294720004	0	0
PLN	0	0	0	0	0	0	2.6851140732921	0	0	0	0
PLOD1	0	6.56817895185058	0	0	0	0	0	0	0	0	0
PLOD2	0	13.4873194416371	0	0	0	0	0	0	0	0	0
PLSCR1	0	0	8.41330880050188	0	0	0	0	0	0	0	0
PLSCR2	0	0	1.48426854109539	0	0	0	0	0	0	0	0
PLTP	0	0	0	0	0	0	0	0	0	0	6.89452861097329
PMEL	0	0	0	0	0	-6.35397971189162	0	0	0	0	0
PMEPA1	0	0	0	0	0	0	8.08345681424105	0	0	0	0
PML	0	0	3.52339514009405	0	0	0	0	0	0	0	0
PNISR	-1.62423526410805	0	0	0	0	0	0	0	0	0	0
PNP	4.70452348654176	0	0	0	0	0	0	0	0	0	0
POLH	0	0	0	0	0	0	0	0	0	0	5.17949744666249
POLR3G	0	0	0	4.5838683724667	0	0	0	0	0	0	0
POP4	0	-2.29982242702551	0	0	0	0	0	0	0	0	0
POT1	-1.89293546961483	0	0	0	0	0	0	0	0	0	0
POT1-AS1	0	0	0	0	0	0	0	0	0	-7.71281949152574	0
PP12708	0	0	0	0	0	0	0	0	0	-2.95697827420814	0
PPAP2A	0	0	0	-5.0110673382253	0	0	0	0	0	0	0
PPAT	0	0	0	3.60068727037829	0	0	0	0	0	0	0
PPFIA4	0	10.7656200920804	0	0	0	0	0	0	0	0	0
PPIC	0	0	0	-3.31915677983871	0	0	0	0	0	0	0
PPM1D	0	0	0	0	0	0	0	0	0	0	6.24914737834917
PPP2R5B	0	3.45489528492287	0	0	0	0	0	0	0	0	0
PPP4R4	0	0	0	0	0	0	0	3.53096206720346	0	0	0
PRAM1	0	0	0	0	-3.77069727526361	0	0	0	0	0	0
PRCP	0	0	0	-1.87299289928772	0	0	0	0	0	0	0
PRKAB1	0	0	0	0	0	0	0	0	0	0	4.52272140292328
PRKD2	0	0	2.3116445628168	0	0	0	0	0	0	0	0
PRO0471	0	0	0	0	0	0	0	0	-1.67318190056432	0	0
PRSS53	0	1.97845357864217	0	0	0	0	0	0	0	0	0
PSMB8	0	0	5.64763297841226	0	0	0	0	0	0	0	0
PSMB9	0	0	7.68990800924914	0	0	0	0	0	0	0	0
PSME3	0	-4.26923276782063	0	0	0	0	0	0	0	0	0
PSMG3-AS1	0	0	0	0	0	-7.74626157393018	0	0	0	0	0
PSTPIP1	0	0	0	0	-2.91203243409958	0	0	0	0	0	0
PSTPIP2	0	0	0	0	6.19294550086626	0	0	0	0	0	0
PTCH1	0	0	0	0	0	0	0	0	0	-2.78445350339761	0
PTGIR	0	0	0	0	2.22367590900063	0	0	0	0	0	0
PTGS2	0	0	0	0	24.8441160137517	0	0	0	0	0	0
PTPN12	0	0	0	3.52715927279936	0	0	0	0	0	0	0
PTX3	0	0	0	0	0	0	0	21.5732775221182	0	0	0
PVRL4	0	0	0	0	0	0	0	0	0	0	9.31073354889028
QPRT	0	0	0	-2.26241896171169	0	0	0	0	0	0	0
QSOX2	1.90919366212663	0	0	0	0	0	0	0	0	0	0
QTRTD1	0	0	0	2.49096041319894	0	0	0	0	0	0	0
RAB20	0	4.26010509173513	0	0	0	0	0	0	0	0	0
RAB26	0	0	0	-5.17394623051771	0	0	0	0	0	0	0
RAB33B	-1.84976737076101	0	0	0	0	0	0	0	0	0	0
RAB37	0	0	0	0	0	0	0	0	3.23060488717726	0	0
RABGAP1	-1.2961312462464	0	0	0	0	0	0	0	0	0	0
RAG2	0	0	0	0	0	0	0	0	1.83072751418592	0	0
RASD2	0	0	0	0	0	0	3.29817388666555	0	0	0	0
RASL11B	0	0	0	0	0	0	3.29065284976895	0	0	0	0
RBM48	-1.08593850215873	0	0	0	0	0	0	0	0	0	0
RBPJ	0	3.73156938624656	0	0	0	0	0	0	0	0	0
RCOR3	-1.69905855551089	0	0	0	0	0	0	0	0	0	0
REL	0	0	0	0	6.68688675880624	0	0	0	0	0	0
RELB	0	0	0	0	0	0	0	9.30442624604374	0	0	0
RENBP	0	0	0	0	0	0	0	0	1.61659471540236	0	0
RETSAT	0	0	0	0	0	0	0	0	0	0	7.14307858570229
RFC3	0	0	0	5.928053060831	0	0	0	0	0	0	0
RFPL3	0	0	0	0	0	0	0	0	1.24782760045955	0	0
RFWD3	0	0	0	4.67338013682969	0	0	0	0	0	0	0
RGAG4	0	0	0	0	0	0	0	0	0	0	4.5853636308649
RGL1	0	0	0	0	0	0	0	0	0	9.43678575776875	0
RGS10	0	0	0	0	0	-3.72808455293388	0	0	0	0	0
RGS18	0	0	0	0	-5.49321338251831	0	0	0	0	0	0
RHCG	0	0	0	0	0	0	0	3.08980649230646	0	0	0
RHEBL1	0	0	0	0	0	0	0	0	4.33483153101255	0	0
RIOK3	0	3.70405908810414	0	0	0	0	0	0	0	0	0
RIPK2	0	0	0	0	6.58530778696312	0	0	5.7833539823833	0	0	0
RLF	0	7.01088753841275	0	0	0	0	0	0	0	0	0
RND1	0	0	0	0	0	0	0	4.8598348428299	0	0	0
RNF114	0	0	2.3275347463747	0	0	0	0	0	0	0	0
RNF138	0	0	0	4.036715924575	0	0	0	0	0	0	0
RNF144B	0	0	0	0	8.11640241777089	0	0	0	0	0	0
RNF146	-2.20399926032535	0	0	0	0	0	0	0	0	0	0
RNF175	0	0	0	0	0	0	0	0	3.17592316373362	0	0
RNF19B	0	0	0	0	8.88086815476506	0	0	0	0	0	0
RNF213	0	0	4.98757845201845	0	0	0	0	0	0	0	0
RNF24	0	3.82531698254425	0	0	0	0	0	0	0	0	0
RNF44	0	0	0	0	0	-5.99313570202393	0	0	0	0	0
RNU105B	0	0	0	0	0	0	0	0	0	-6.37271315741648	0
RORA	0	4.54582860782262	0	0	0	0	0	0	0	0	0
RORB	0	0	0	0	0	0	0	0	0	-2.75430867967616	0
RPS27L	0	0	0	0	0	0	0	0	0	0	6.25079963945269
RPS29	0	0	0	0	0	-5.67569957381212	0	0	0	0	0
RRM2B	0	0	0	0	0	0	0	0	0	0	10.6302780124168
RSAD2	0	0	22.3524874174598	0	0	0	0	0	0	0	0
RTP4	0	0	9.09184246838288	0	0	0	0	0	0	0	0
RUSC2	0	0	0	0	0	0	2.45971869294023	0	0	0	0
RXFP1	0	0	0	0	0	0	-2.38591811098987	0	0	0	0
S100A1	0	0	0	0	0	-3.70332049542486	0	0	0	0	0
SAMD11	0	0	0	0	0	0	6.31217007955682	0	0	0	0
SAMD9	0	0	10.2393264213465	0	0	0	0	0	0	0	0
SAMD9L	0	0	9.9946885535884	0	0	0	0	0	0	0	0
SAMHD1	0	0	6.95489579049636	0	0	0	0	0	0	0	0
SAMSN1	0	0	0	0	5.16533243369243	0	0	0	0	3.29470214671824	0
SAP30	0	2.8746773362851	0	0	0	0	0	0	0	0	0
SCML4	0	0	0	0	0	0	0	0	0	-1.88406899538019	0
SCN3B	0	0	0	0	0	0	0	0	0	0	4.86238600606999
SCNN1D	0	0	0	0	0	0	0	0	-1.45785350024422	0	0
SDC4	0	0	0	0	0	0	0	8.28804240063021	0	0	0
SEC61G	0	4.68469928654168	0	0	0	0	0	0	0	0	0
SECTM1	0	0	5.49795870736909	0	0	0	0	0	0	0	0
SEMA7A	0	0	0	0	0	0	3.94370579180592	0	0	0	0
SENP5	0	0	0	0	0	0	0	0	0	1.89552569108651	0
SENP7	-2.15095598774249	0	0	0	0	0	0	0	0	0	0
SERPINA3	0	0	0	0	0	0	0	11.4052228541133	0	0	0
SERPINB5	0	0	0	0	0	0	0	0	0	0	4.79861831064901
SERPINB9	0	0	0	0	8.18006804383878	0	0	0	0	0	0
SESN1	0	0	0	0	0	0	0	0	0	0	12.5302521071881
SETD8	0	0	0	2.51270802196546	0	0	0	0	0	0	0
SGPP2	0	0	0	0	10.5987318931194	0	0	0	0	0	0
SH2B3	0	0	0	7.17086835492554	0	0	0	0	0	0	0
SH3BGRL	0	0	0	-4.030916445243	0	0	0	0	0	0	0
SH3PXD2A	0	0	0	0	0	0	3.88334406596947	0	0	0	0
SH3TC2	0	0	0	2.93708282067762	0	0	0	0	0	0	0
SKIL	0	0	0	0	0	0	4.9986442472482	0	0	0	0
SLAMF7	0	0	0	0	17.6208355242874	0	0	0	0	0	0
SLC11A2	0	0	0	0	4.02783531135588	0	0	0	0	0	0
SLC12A7	0	0	0	0	0	0	0	4.21338520385014	0	0	0
SLC15A3	0	0	4.08922454881883	0	0	0	0	0	0	0	0
SLC18A1	0	0	0	0	0	4.54091212885001	0	0	0	0	0
SLC1A2	0	0	0	0	3.0591103063079	0	0	0	0	0	0
SLC20A1	5.2465577981451	0	0	8.80953164003883	0	0	0	0	0	0	0
SLC25A28	0	0	3.84054219034544	0	0	0	0	0	0	0	0
SLC25A36	0	5.30479056573279	0	0	0	0	0	0	0	0	0
SLC25A45	0	0	0	0	0	0	0	0	0	0	4.92320419142364
SLC27A1	0	0	0	0	0	-8.28401540975807	0	0	0	0	0
SLC2A1	0	8.63773029101726	0	0	0	0	0	0	0	0	0
SLC2A6	0	0	0	0	8.89026572617004	0	0	10.2663940564344	0	0	0
SLC35G2	0	0	0	2.5620941233968	0	0	0	0	0	0	0
SLC38A1	0	0	0	3.8160371165816	0	0	0	0	0	0	0
SLC41A2	0	0	0	0	0	0	0	5.3878642481505	0	0	0
SLC44A5	0	0	0	0	0	0	0	0	0	0	5.04590245750693
SLC45A3	1.93857812214806	0	0	0	0	0	0	0	0	0	0
SLC4A7	0	0	0	4.32373843977989	0	0	0	0	0	0	0
SLC52A1	0	0	0	0	0	0	0	0	0	0	4.15853108237242
SLC6A19	0	0	0	0	0	0	5.74835880938863	0	0	0	0
SLC7A9	0	0	0	0	0	0	0	0	1.34120977760822	0	0
SLCO2A1	0	0	0	0	0	0	5.79705692037791	0	0	0	0
SLCO4A1	0	0	0	5.87326648588377	0	0	0	0	0	0	0
SLCO4A1-AS1	0	0	0	0	0	-7.41055612928363	0	0	0	0	0
SMAD1	0	0	0	0	0	0	0	0	0	-3.78767617146646	0
SMAD6	0	0	0	0	0	0	5.04206174276742	0	0	0	0
SMAD7	0	0	0	0	0	0	8.9597708996208	0	0	0	0
SMAD9	0	0	0	0	0	0	3.69743379443498	0	0	0	0
SMG1P5	0	0	0	0	0	0	0	0	-4.00532134193041	0	0
SMIM10L2A	0	0	0	0	0	0	0	0	0	0	6.37186572637497
SMIM19	0	0	0	0	0	-7.11127488112693	0	0	0	0	0
SMIM3	0	0	0	0	0	0	0	0	4.26050735921568	0	0
SMURF2	0	0	0	5.10764287744155	0	0	0	0	0	0	0
SNAI1	0	0	0	0	0	0	4.22076918145201	0	0	0	0
SNN	0	0	0	0	4.51596355820774	0	0	0	0	0	0
SNORA70E	0	0	0	0	0	0	0	0	0	-8.31180225801584	0
SNORD114-2	0	0	0	0	0	0	0	0	0	-13.4067042358601	0
SNORD51	0	0	0	0	0	0	0	0	0	12.6174367180618	0
SOCS3	0	0	0	0	7.76998978386179	0	0	0	0	0	0
SOD2	0	0	0	0	0	0	0	14.3125676917604	0	0	0
SP100	0	0	4.34299888469616	0	0	0	0	0	0	0	0
SP110	0	0	8.55908307644127	0	0	0	0	0	0	0	0
SP140L	0	0	2.34080465035834	0	0	0	0	0	0	0	0
SPAG4	0	10.1711855961388	0	0	0	0	0	0	0	0	0
SPAG6	0	0	0	0	0	0	0	0	0	-1.58372609408664	0
SPATA18	0	0	0	0	0	0	0	0	0	0	7.85628115320001
SPECC1	0	0	0	0	0	0	2.66905164985839	0	0	0	0
SPHK1	0	0	0	0	0	0	6.78487512913317	0	0	0	0
SPINK2	0	0	0	0	0	0	0	0	1.28825824459967	-1.86387032683459	0
SPOCD1	4.47775534012745	0	0	0	0	0	0	0	0	0	0
SPRED1	0	0	0	8.49062653235695	0	0	0	0	0	0	0
SPRED2	2.05251504539532	0	0	5.3637112941539	0	0	0	0	0	0	0
SPRY2	0	0	0	14.4986400034855	0	0	0	0	0	0	0
SPRY4	6.57054218659084	0	0	15.6309618841596	0	0	0	0	0	0	0
SPRY4-IT1	3.90987313633773	0	0	0	0	0	0	0	0	0	0
SPSB3	0	0	0	0	0	-6.53541629340524	0	0	0	0	0
SQRDL	0	0	0	0	0	0	0	5.95569283740679	0	0	0
SRC	0	0	0	0	2.39773601483082	0	0	0	0	0	0
SRGAP2	0	0	0	0	0	0	0	0	0	-4.45793293884735	0
SSBP3-AS1	0	0	0	0	0	0	0	0	-1.57418482892385	0	0
STAG1	0	0	0	0	0	0	0	0	0	0	-3.86593061130672
STARD13	0	0	0	0	0	0	0	0	2.57576335386333	0	0
STAT1	0	0	8.99750387744662	0	0	0	0	0	0	0	0
STAT2	0	0	4.05288904438736	0	0	0	0	0	0	0	0
STAT4	0	0	0	0	8.61728740354383	0	0	0	0	0	0
STAT5A	0	0	0	0	0	0	0	3.94105446180242	0	0	0
STK17A	0	0	0	4.4398068087819	0	0	0	0	0	0	0
STX11	0	0	0	0	6.25142985971155	0	0	0	0	0	0
STX1A	0	0	0	2.84434192723276	0	0	0	0	0	0	0
STX6	0	0	0	0	0	0	0	0	0	0	3.46798430519247
SUDS3	-2.2802852416818	0	0	0	0	0	0	0	0	0	0
SYF2	-1.44359466036893	0	0	0	0	0	0	0	0	0	0
SYNDIG1	0	0	0	0	0	0	1.83690787352229	0	0	0	0
SYNPO	0	0	0	-3.7381393738597	0	0	0	0	0	0	0
SYT15	0	0	0	0	0	0	2.24481734785654	0	0	0	0
TAF1A	0	0	0	4.92121886635038	0	0	0	0	0	0	0
TAP1	0	0	9.12999362246066	0	0	0	0	0	0	0	0
TAP2	0	0	3.51224638125627	0	0	0	0	0	0	0	0
TAPBP	0	0	0	0	0	0	0	4.07659825287752	0	0	0
TARSL2	0	0	0	0	0	0	0	0	-1.98846507999394	0	0
TAS2R5	0	0	0	0	0	0	0	0	-2.11759105260519	0	0
TBC1D15	0	0	0	0	0	-5.47008907163272	0	0	0	0	0
TBX1	0	0	0	0	0	0	0	0	0	-1.08629132125902	0
TCOF1	0	0	0	2.99545294042859	0	0	0	0	0	0	0
TDRD7	0	0	6.68243885366862	0	0	0	0	0	0	0	0
TEC	0	0	0	0	0	0	0	0	2.30415040478829	0	0
TESPA1	0	0	0	0	0	0	0	0	1.03173758934052	0	0
TEX10	0	0	0	2.84761607203278	0	0	0	0	0	0	0
TEX30	0	0	0	4.50987543997983	0	0	0	0	0	0	0
TEX37	0	0	0	0	0	0	0	0	0	0	3.04055524459332
TFB1M	0	0	0	3.73129416509669	0	0	0	0	0	0	0
TFB2M	0	0	0	2.31958486033181	0	0	0	0	0	0	0
TFDP2	0	0	0	0	0	-5.62041360794862	0	0	0	0	0
TGFA	0	0	0	6.20924008889698	0	0	0	0	0	0	0
THNSL2	0	0	0	0	0	-4.14279312124661	0	0	0	0	0
TICAM1	0	0	0	0	3.5353251845639	0	0	3.47091366988681	0	0	0
TIFA	0	0	0	0	0	0	0	6.29342562217026	0	0	0
TIGAR	0	0	0	0	0	0	0	0	0	0	10.1495526147079
TLDC2	0	0	0	0	0	0	0	0	1.85846215066016	0	0
TLR10	0	0	0	0	0	0	0	0	-2.07029501564068	0	0
TLR2	0	0	0	0	0	0	0	7.00274234357117	0	0	0
TLR3	0	0	4.55861933424012	0	0	0	0	0	0	0	0
TLR4	0	0	0	5.40135996475762	0	0	0	0	0	0	0
TMC7	0	0	0	0	0	0	2.17216017573228	0	0	0	0
TMCC3	0	0	0	0	0	0	0	0	0	7.17408892716044	0
TMEM140	0	0	4.77228592955163	0	0	0	0	0	0	0	0
TMEM170A	0	0	0	3.5520054385903	0	0	0	0	0	0	0
TMEM217	0	0	0	0	0	0	0	4.06303696294642	0	0	0
TMEM259	0	0	0	0	0	0	0	0	-1.33733442518228	0	0
TMEM27	0	0	0	0	0	0	0	0	0	0	6.8395127481382
TMEM42	0	0	0	0	0	-7.14498198290381	0	0	0	0	0
TMEM45A	0	17.7776866184271	0	0	0	0	0	0	0	0	0
TMEM59	-1.89891014633234	0	0	-2.74701543325654	0	0	0	0	0	0	0
TMEM62	0	0	2.27925213252764	0	0	0	0	0	0	0	0
TMEM63B	0	0	0	0	0	0	0	0	0	0	4.81151741269566
TMEM74	0	0	0	0	0	0	0	0	1.23198553290479	0	0
TMX2	0	-3.48234839353	0	0	0	0	0	0	0	0	0
TNF	0	0	0	0	23.5612233492798	0	0	0	0	0	0
TNFAIP1	0	0	0	0	0	0	0	2.86715852183419	0	0	0
TNFAIP2	0	0	0	0	0	0	0	12.4839508821099	0	0	0
TNFAIP3	0	0	0	0	0	0	0	35.7623372376711	0	0	0
TNFAIP8	0	0	0	0	0	0	0	5.0780797548103	0	0	0
TNFRSF10A	4.35969589412811	0	0	0	0	0	0	0	0	0	0
TNFRSF10B	0	0	0	0	0	0	0	0	0	0	6.00719043086206
TNFSF15	0	0	0	0	8.17223715491263	0	0	0	0	0	0
TNIP1	0	0	0	0	0	0	0	6.50783510008499	0	0	0
TNIP2	0	0	0	0	0	0	0	3.41548822411629	0	0	0
TNIP3	0	0	0	0	12.9542705361357	0	0	0	0	0	0
TP53I3	0	0	0	0	0	0	0	0	0	0	18.2578294103892
TP53INP1	0	0	0	0	0	0	0	0	0	0	8.67036411021607
TPM1	0	0	0	0	0	0	4.49793751874644	0	0	0	0
TPPP	0	0	0	0	0	-2.50313054348789	0	0	0	0	0
TRAF1	0	0	0	0	11.7462538693177	0	0	9.5827844336141	0	0	0
TRANK1	0	0	3.3481654898223	0	0	0	0	0	0	0	0
TRH	0.789704008158055	0	0	0	0	0	0	0	0	0	0
TRIAP1	0	0	0	0	0	0	0	0	0	0	6.4204349788115
TRIB1	3.98751941709414	0	0	0	0	0	0	0	0	0	0
TRIM14	0	0	2.95917147457761	0	0	0	0	0	0	0	0
TRIM21	0	0	6.63611074623627	0	0	0	0	0	0	0	0
TRIM22	0	0	10.1687358653282	0	0	0	0	0	0	0	0
TRIM25	0	0	4.02376135334261	0	0	0	0	0	0	0	0
TRIM38	0	0	3.38128341798934	0	0	0	0	0	0	0	0
TRIM47	0	0	0	0	0	0	0	5.31162513915366	0	0	0
TRIM5	0	0	3.52594562885738	0	0	0	0	0	0	0	0
TRIM52	-2.06471807997305	0	0	0	0	0	0	0	0	0	0
TRIM63	0	0	0	0	0	-5.30812348173211	0	0	0	0	0
TRIM69	0	0	2.72185742898662	0	0	0	0	0	0	0	0
TRIM72	0	0	0	0	0	0	0	0	1.76982644557897	0	0
TRIP10	0	0	0	0	6.75840987239924	0	0	0	0	0	0
TSNARE1	0	0	0	0	0	-2.39606706907695	0	0	0	0	0
TSPAN2	0	0	0	0	0	0	5.4186128433457	0	0	0	0
TTC12	0	0	0	0	0	-3.05094389322359	0	0	0	0	0
TTC16	0	0	0	0	0	0	0	0	1.13277865844098	0	0
TTC28	0	0	0	0	0	0	0	0	0	-2.11161806567036	0
TTC33	-1.43847342797198	0	0	0	0	0	0	0	0	0	0
TUBA8	0	0	0	0	0	0	0	0	1.31985399721408	0	0
TUBB4B	4.17550357392053	0	0	0	0	0	0	0	0	0	0
TUBB7P	1.12713345007011	0	0	0	0	0	0	0	0	0	0
TUBGCP3	0	0	0	3.17313586956298	0	0	0	0	0	0	0
TUFT1	0	0	0	0	0	0	6.01816952069052	0	0	0	0
TYMP	0	0	0	0	0	0	0	3.78393766720263	0	0	0
TYR	0	0	0	0	0	-4.86247664139858	0	0	0	0	0
UACA	0	0	0	0	0	0	3.28541927614504	0	0	0	0
UAP1L1	0	0	0	0	0	0	0	0	3.4400981839939	0	0
UBA2	0	0	0	3.26411547938901	0	0	0	0	0	0	0
UBALD2	0	0	0	0	0	-10.1383762549539	0	0	0	0	0
UBASH3B	0	0	0	8.57859439443441	0	0	0	0	0	0	0
UBE2L6	0	0	7.93776998041933	0	0	0	0	0	0	0	0
UBE2Q2P1	0	0	0	0	0	0	0	0	0	-9.73231891795387	0
UBE2Z	0	0	0	0	0	0	0	2.24125660058133	0	0	0
UCHL5	0	0	0	2.98856095916254	0	0	0	0	0	0	0
UCN2	0	0	0	6.25781994718871	0	0	0	0	0	0	0
ULBP2	0	0	0	0	0	0	0	0	0	0	4.65391271938887
UNC5B	0	0	0	0	0	0	3.83594930231605	0	0	0	0
UNC5B-AS1	0	0	0	0	0	0	0	0	0	0	9.42838709232121
UNC5D	0	0	0	0	0	0	0	0	0	-2.3834249228804	0
UPB1	0	0	0	0	2.68096705910602	0	0	0	0	0	0
USP12	0	0	0	0	3.96826053143207	0	0	0	0	0	0
USP18	0	0	12.0274588355076	0	0	0	0	0	0	0	0
USP43	0	0	0	0	0	0	0	3.62943517015047	0	0	0
USP48	-1.03897652540757	0	0	0	0	0	0	0	0	0	0
VAMP5	0	0	0	0	0	-4.17963703818336	0	0	0	0	0
VASH2	0	0	0	0	0	0	0	0	0	-3.05558889492746	0
VAV3	-3.44708702051981	0	0	0	0	0	0	0	0	0	0
VEGFA	0	10.5250946379119	0	0	0	0	0	0	0	0	0
VHL	0	0	0	0	0	0	0	0	-1.18395762031006	0	0
VKORC1	0	5.38826963484014	0	0	0	0	0	0	0	0	0
VLDLR	0	10.1561809724464	0	0	0	0	0	0	0	0	0
VPREB1	0	0	0	0	0	0	0	0	0	-3.14382609479454	0
VPREB3	0	0	0	0	0	0	0	0	2.32677982859122	-3.39840007880947	0
VPS39	0	0	0	-2.6114727988165	0	0	0	0	0	0	0
VPS9D1-AS1	1.68902144226828	0	0	0	0	0	0	0	0	0	0
VTRNA1-2	0	0	0	0	0	0	0	0	0	12.3345494520315	0
VWA8	0	0	0	0	0	0	0	0	0	-3.68948963027244	0
WDR19	-1.52632342464554	0	0	0	0	0	0	0	0	0	0
WDR3	0	0	0	3.65306591764878	0	0	0	0	0	0	0
WDR31	0	0	0	0	0	-3.91826028676329	0	0	0	0	0
WDR45B	0	4.44221646285555	0	0	0	0	0	0	0	0	0
WDR54	0	5.69720273947229	0	0	0	0	0	0	0	0	0
WDR63	0	0	0	0	0	0	0	0	0	0	12.2548384900963
WDR78	0	0	0	0	0	-3.52985937215799	0	0	0	0	0
WIPI2	0	0	0	0	0	-3.23362743510774	0	0	0	0	0
WNT8A	0	0	0	0	0	0	0	0	-1.84760367400033	0	0
WSB1	0	6.97315173203033	0	0	0	0	0	0	0	0	0
WT1-AS	0	0	0	0	0	0	0	0	2.41319159992679	0	0
WTAP	0	0	0	0	4.57527713620139	0	0	3.24661421414425	0	0	0
XAB2	0	0	0	0	0	0	0	0	1.56336511489514	0	0
XAF1	0	0	8.48533750473573	0	0	0	0	0	0	0	0
XKR4	0	0	0	0	0	0	0	0	0	-3.55970359984368	0
XPC	0	0	0	0	0	0	0	0	0	0	6.58572070393114
XRCC3	1.51386410697212	0	0	0	0	0	0	0	0	0	0
XRCC4	0	0	0	0	0	0	3.23227510119644	0	0	0	0
XYLT1	0	0	0	0	0	0	3.15856741947684	0	0	0	0
YBX2	0	0	0	0	0	-4.28984456666906	0	0	0	0	0
YEATS2	0	5.33812305773089	0	0	0	0	0	0	0	0	0
YIPF5	0	0	0	0	0	0	2.8548059572282	0	0	0	0
ZBED8	-3.26951028347444	0	0	0	0	0	0	0	0	0	0
ZBP1	0	0	1.81465225019563	0	0	0	0	0	0	0	0
ZBTB25	0	3.41266204027601	0	0	0	0	0	0	0	0	0
ZC3HAV1	0	0	5.00007568399001	0	0	0	0	0	0	0	0
ZIM3	0	0	0	0	0	0	0	0	1.33988924317148	0	0
ZMAT3	0	0	0	0	0	0	0	0	0	0	7.95662060637121
ZMIZ1	0	0	0	0	0	0	2.80576397801128	0	0	0	0
ZMPSTE24	0	-4.36594543755132	0	0	0	0	0	0	0	0	0
ZNF160	0	2.67277160309143	0	0	0	0	0	0	0	0	0
ZNF200	0	0	0	0	0	0	0	0	0	3.50527154498274	0
ZNF224	-1.41962971673201	0	0	0	0	0	0	0	0	0	0
ZNF257	0	0	0	0	0	0	0	0	0	-4.46947925120438	0
ZNF292	0	5.98748500477583	0	0	0	0	0	0	0	0	0
ZNF337	0	0	0	0	0	0	0	0	0	0	3.3018440723349
ZNF347	0	0	0	0	0	0	0	0	0	2.98317010784602	0
ZNF350	-1.31861107772884	0	0	0	0	0	0	0	0	0	0
ZNF395	0	8.31887036443636	0	0	0	0	0	0	0	0	0
ZNF396	0	0	0	0	0	-2.72626930656774	0	0	0	0	0
ZNF415	0	0	0	0	0	0	0	0	0	-2.8014274270734	0
ZNF551	0	0	0	2.01229935446832	0	0	0	0	0	0	0
ZNF554	0	0	0	0	0	-2.69052322137443	0	0	0	0	0
ZNF571	-2.0396616457608	0	0	0	0	0	0	0	0	0	0
ZNF597	0	0	0	0	0	0	0	0	0	3.06857851826646	0
ZNF654	0	4.26035445954954	0	0	0	0	0	0	0	0	0
ZNF669	0	0	0	0	0	0	0	0	0	-2.13206683197942	0
ZNF75D	-1.36833457323878	0	0	0	0	0	0	0	0	0	0
ZNF76	0	0	0	0	0	-2.75637136722046	0	0	0	0	0
ZNF79	0	0	0	0	0	0	0	0	0	0	4.02267240499944
ZNF83	0	0	0	0	0	0	0	0	0	0	-5.6261067468364
ZNFX1	0	0	6.4437723431781	0	0	0	0	0	0	0	0
ZSCAN4	0	0	0	0	0	0	0	0	0	0	3.18357330778271
